x
 1.541682e-05
-3.438711e-07
 3.629010e-06
-3.725555e-06
 2.251997e-06
 5.855072e-06
 3.432807e-06
-8.913877e-06
-1.824675e-06
 2.208350e-07
-3.489636e-06
 3.129852e-06
 4.671893e-06
-6.184313e-07
 1.187350e-05
-1.373670e-05
-2.507668e-06
 3.915254e-06
 9.706226e-07
 2.470468e-07
 4.836324e-06
 6.199328e-06
 1.396717e-06
 1.022274e-05
 4.184590e-06
 7.539174e-06
 5.069909e-06
-3.509013e-06
 1.367403e-05
-2.173514e-06
-7.797411e-06
-3.888257e-06
 9.652556e-06
-9.346198e-06
-1.463621e-06
 2.941654e-06
 6.933211e-06
 2.908313e-06
 1.955630e-06
 3.776484e-06
-4.608476e-06
-3.445937e-06
 2.556253e-07
-6.100579e-07
-2.790954e-06
-4.919897e-06
 7.763534e-06
 1.877253e-06
-1.626088e-05
-5.248949e-06
-4.658692e-06
 7.780872e-07
 2.155856e-06
-2.996945e-06
-8.921277e-06
 1.060573e-05
 1.094955e-05
 7.446113e-06
 2.356041e-07
 4.268485e-06
 9.897075e-06
 1.201642e-06
 8.520664e-06
 8.654097e-06
 2.616981e-06
-5.386220e-07
-2.467346e-06
-1.143175e-06
-1.549732e-06
 9.582802e-06
 3.043735e-06
-6.021526e-06
 3.758734e-06
-6.120348e-06
-9.991474e-06
 4.987868e-06
 1.695592e-06
 6.958515e-06
-3.212190e-06
-1.939473e-06
-4.596260e-06
 2.304451e-08
-8.658511e-06
 1.060989e-06
-8.461232e-07
 7.706586e-06
 8.132930e-06
 5.416758e-06
 8.305829e-06
 1.402199e-06
-1.487710e-05
 1.748140e-07
-2.687830e-06
-5.977426e-06
-9.071455e-06
 4.117879e-06
-1.285603e-05
 2.957663e-06
-7.437889e-07
 1.223037e-06
 7.068864e-06
 4.149256e-06
 1.057099e-05
-6.432698e-08
 4.807301e-06
-1.303778e-05
 2.753870e-06
-1.773205e-05
-1.070658e-06
-1.622561e-06
-4.429236e-06
-7.236172e-06
 2.911752e-07
 5.901967e-06
 4.664904e-07
-5.885560e-06
 3.113076e-06
 1.439312e-06
-2.213303e-09
 6.532568e-07
 1.089213e-05
 4.732072e-06
 8.648401e-06
-9.692372e-06
-9.491002e-07
 2.901079e-06
-3.008598e-06
-3.999474e-07
 9.987439e-06
 1.262738e-06
-1.772434e-07
-5.585320e-06
 1.217425e-05
 9.080653e-06
-1.535083e-06
 2.365608e-06
 2.565885e-06
 1.710784e-06
-3.595787e-06
 3.018458e-06
 7.091683e-06
 2.882586e-06
-1.826042e-06
-3.482326e-06
 8.790646e-06
 1.595354e-05
 4.786176e-06
 8.797178e-06
 1.969502e-07
-1.963294e-06
-1.001855e-05
-7.955503e-06
-1.670800e-06
-5.019724e-06
-1.844009e-06
 5.874008e-06
 6.613749e-07
 4.935958e-06
 2.122752e-06
-4.810094e-06
-1.146419e-05
 1.430667e-05
 7.593600e-06
-6.054264e-06
 8.200020e-06
 9.564908e-06
 1.229171e-06
 8.465929e-06
 9.798637e-06
 4.822460e-06
-1.302833e-05
-8.204920e-06
-7.541120e-06
-3.396252e-06
-2.835325e-06
-7.352558e-06
-1.536706e-06
-3.722168e-06
-7.227811e-06
 2.777695e-06
 1.759024e-06
-6.156641e-06
-9.852540e-06
-1.077084e-05
 5.137486e-06
-1.350333e-06
 5.249121e-06
 6.356440e-06
-8.804673e-07
-3.631611e-06
-1.143414e-05
 4.925190e-06
-7.145106e-06
 8.178376e-06
 3.715228e-06
 1.786647e-06
-4.099297e-07
 5.747729e-06
-1.173384e-06
 3.758501e-06
-1.847582e-06
 5.598257e-06
 1.536496e-05
-7.063725e-06
-9.894591e-06
-2.600928e-06
-3.041433e-06
-6.662212e-06
-5.503631e-06
-3.275703e-06
 4.736385e-06
 8.260037e-07
 2.525428e-06
-9.243429e-06
 2.143157e-06
 4.426103e-06
 1.205536e-06
 4.361119e-06
-3.975720e-06
 2.057038e-06
-1.111149e-05
-1.496063e-05
-1.049893e-05
 8.425607e-07
 6.522652e-07
-1.190593e-06
 7.419134e-06
 3.012173e-06
 2.883083e-06
 3.502760e-06
 8.287853e-06
-5.910811e-06
-5.409516e-06
-2.242080e-06
-1.782603e-06
 6.198908e-06
-6.537916e-06
 4.628845e-06
-5.142875e-06
 7.487290e-06
 3.972485e-06
 3.509057e-07
 1.163826e-05
-5.814102e-06
 9.075931e-06
-6.236029e-06
-6.715944e-06
 2.119413e-06
-1.864349e-06
 1.042144e-05
-3.463895e-06
-1.223061e-05
-3.471260e-07
-7.333636e-06
-1.589334e-06
 5.361068e-06
-1.301021e-05
-2.730436e-06
-9.956758e-06
 1.496454e-06
 3.067199e-06
 6.467414e-06
-8.456832e-06
 4.986555e-06
-2.138994e-06
 6.697764e-06
 1.796899e-06
-5.026494e-06
-3.147995e-06
 9.568601e-08
-1.131654e-06
-2.083186e-06
 5.585353e-06
-2.405664e-06
-2.843830e-06
 6.592399e-06
 7.038738e-07
-1.455025e-07
 7.343027e-07
-1.341036e-06
-5.359907e-08
 2.703680e-06
 1.217872e-06
-3.942511e-06
-6.741789e-06
 4.038823e-06
-3.839487e-06
-1.520374e-07
 1.331374e-05
-1.406030e-05
 1.199313e-05
 4.512649e-06
-6.099930e-07
-1.696020e-06
-2.288517e-06
-5.445932e-06
-1.261718e-05
-9.461252e-06
-2.360390e-06
 3.919373e-06
-5.117428e-06
 3.139937e-06
-1.083552e-06
 8.055290e-06
 1.053233e-05
 3.678584e-07
-5.807195e-06
 1.904844e-06
-1.483409e-06
-1.117011e-05
 1.032260e-05
-8.330801e-07
 4.000750e-06
 2.441958e-06
-3.322462e-06
 5.422236e-06
 7.123708e-07
 6.480986e-06
 3.044099e-06
-4.815731e-06
-1.103046e-05
 7.921188e-06
 1.303639e-05
 8.331887e-06
-1.201496e-05
-5.370837e-06
-3.091196e-06
-4.090195e-07
-3.406587e-06
 7.689575e-06
 2.694348e-06
-6.015619e-06
 4.348290e-06
-2.487091e-07
 5.925789e-06
 3.200657e-06
-7.876866e-06
 9.950262e-07
 5.541322e-06
-1.567945e-06
-7.073745e-06
 1.495314e-06
 7.686868e-06
 8.825179e-07
 5.883273e-06
-2.111601e-06
 9.457513e-06
 2.961139e-06
 4.991332e-06
 9.469512e-07
 2.717660e-06
 3.694020e-06
 6.980779e-08
-6.947066e-06
-1.322180e-06
-1.517310e-06
 1.027439e-05
-4.715635e-06
 7.728864e-06
 7.824896e-06
 5.581775e-07
-1.234786e-05
-1.550743e-06
-3.441048e-06
 5.249410e-06
-7.792552e-06
 5.022330e-06
 1.404634e-06
 9.444835e-07
 8.678684e-06
 5.488802e-06
 1.137335e-05
 1.405295e-05
-6.190594e-06
 6.052116e-06
-6.690740e-06
 3.008561e-06
-4.693592e-06
-4.451509e-06
-3.800962e-06
-1.515451e-07
 3.534975e-06
 1.242105e-05
 5.051012e-06
-4.792874e-06
-2.859916e-06
-2.878057e-06
 1.048692e-05
 4.618789e-06
-6.533627e-07
-1.385960e-05
 1.401851e-05
 2.384772e-06
 7.944907e-06
 1.042917e-05
-9.275746e-06
-5.631541e-06
-9.075021e-06
-1.117843e-06
-1.598441e-05
 1.826473e-06
 9.694531e-07
 9.461697e-06
-3.050404e-06
 1.129765e-05
 8.878511e-06
-7.058674e-06
-2.823786e-06
 8.371033e-06
-1.053511e-05
 1.951160e-06
 4.077736e-06
 3.567879e-06
 8.909115e-06
 1.508687e-06
 7.311673e-06
-1.322124e-05
-1.620150e-06
-3.973314e-06
-9.107343e-07
-5.870119e-07
 1.020500e-05
 8.423241e-06
 1.560253e-07
-7.250463e-06
 1.391643e-06
-2.529109e-06
-2.225821e-06
 7.458587e-06
-5.937611e-06
-1.099624e-05
 1.605509e-06
 4.834738e-06
-1.097504e-05
-8.000890e-06
-5.118189e-07
-8.983698e-06
-5.693479e-06
 4.046738e-06
-6.204091e-06
-4.398074e-06
-1.690562e-06
-1.441803e-06
-9.655986e-06
-1.773932e-06
-4.415955e-06
-3.878206e-06
 6.607223e-06
 1.138400e-05
-7.053127e-06
 5.558742e-06
-4.720689e-07
 1.963027e-06
 6.328477e-06
-5.435112e-06
-2.648783e-06
-1.992974e-06
 2.534314e-06
 6.820487e-06
-4.321761e-06
-3.567624e-06
 7.005658e-06
 7.152318e-06
 4.738210e-06
-3.551492e-06
 4.579544e-08
-8.345650e-06
-9.762681e-06
 9.988450e-06
 2.051147e-06
 3.675986e-06
-2.192348e-06
 2.872196e-06
-2.044400e-06
-1.845904e-06
 5.656728e-06
-9.077624e-06
 9.143323e-07
 7.467842e-07
 4.833982e-06
-3.578247e-07
-1.030022e-05
 1.576390e-05
-3.162675e-06
-2.111280e-06
-7.068845e-06
-2.762216e-06
 3.263625e-06
-1.075206e-05
 6.643548e-07
 1.248366e-05
 2.285772e-06
-1.474616e-05
 4.700058e-06
 4.101451e-06
 6.116595e-06
 5.705652e-06
 1.878891e-07
-6.425996e-06
-6.627236e-06
 8.632125e-07
 6.018013e-06
-1.588095e-06
-5.217195e-06
 3.144346e-07
-2.328181e-06
-1.532438e-05
 3.895869e-06
-3.867093e-06
 8.470605e-06
-6.835410e-06
-3.094193e-06
 6.260716e-06
-6.762140e-06
-3.663882e-06
 4.235049e-07
-5.678192e-06
 1.207123e-06
 6.155786e-06
 3.679506e-06
 8.919448e-07
-1.128804e-05
-5.246423e-06
 7.143128e-06
 2.258618e-08
-3.789217e-06
 3.157663e-06
-3.004677e-06
-6.947788e-06
-6.270520e-06
 3.763123e-06
 2.108356e-06
 1.073786e-05
-3.859874e-06
 1.181980e-06
 1.250175e-05
 2.326308e-07
-1.706003e-05
 2.595279e-06
 9.986533e-06
 3.075237e-06
-2.119351e-06
 2.398384e-06
 2.427176e-06
 4.313077e-07
 5.111891e-06
-1.418299e-05
 6.424606e-06
-5.903278e-06
 5.397199e-07
-1.564969e-05
 7.916578e-06
 2.632347e-07
 4.104145e-07
 1.348726e-05
 1.071073e-06
-1.732544e-06
 1.057168e-06
-5.068404e-06
 5.385909e-06
-4.978914e-06
-9.055890e-06
 3.734301e-06
 6.818720e-06
-1.502318e-05
 1.021673e-08
-1.422847e-05
-1.421099e-06
-1.881707e-06
-1.739816e-05
-7.282869e-06
 1.158168e-06
-8.868650e-06
-5.433552e-06
-1.943979e-07
-4.299037e-06
-8.407916e-07
 3.432464e-06
-1.276437e-05
 7.652480e-06
-7.725239e-06
-2.812288e-06
-3.233491e-07
 5.040014e-06
 7.111015e-06
-5.626376e-06
 3.908925e-06
-5.217016e-06
 2.544290e-06
 5.173572e-06
 1.067527e-05
-1.747059e-06
 2.268431e-06
-8.000250e-06
 3.299822e-06
 9.706182e-06
 8.291181e-06
-1.860643e-08
-6.485192e-06
-3.277327e-06
 2.245810e-06
 2.700587e-06
 2.265888e-06
 1.524875e-06
 1.780643e-07
-1.510455e-07
-9.167848e-06
 2.665948e-06
 2.030576e-06
 1.101914e-06
-2.927533e-06
-8.976909e-06
-1.747427e-06
 1.063193e-07
 5.819642e-06
-3.940611e-06
 1.055683e-05
 8.615520e-07
-2.862731e-06
-4.007226e-06
 1.432324e-05
 9.724746e-06
-4.836758e-06
 3.533287e-07
-7.640255e-06
 8.873755e-06
-3.869259e-06
-1.870734e-06
 6.596931e-06
-7.181305e-06
-4.537299e-06
-2.523123e-06
-1.630897e-06
 4.187738e-06
 4.827010e-06
 1.317652e-06
 1.605457e-05
-1.074857e-05
 8.534675e-06
-3.484113e-06
-4.994498e-06
 2.050761e-07
-8.267148e-06
 1.282882e-05
-3.160760e-06
-1.042842e-05
 5.351067e-06
-1.164451e-05
-3.901222e-07
 9.468389e-06
 1.553917e-06
-2.413082e-06
 7.009660e-06
 3.024261e-06
 7.130455e-08
 4.061388e-06
-5.514532e-06
 1.824788e-06
-2.415296e-06
-7.590316e-06
-5.992286e-06
 8.084934e-06
 1.210643e-06
-2.408177e-06
-2.440615e-06
 1.934661e-06
-5.323493e-06
 9.063608e-06
-4.051540e-06
-1.437895e-07
-3.347005e-06
-8.143113e-06
-1.475085e-06
-1.084533e-06
 5.903244e-06
-4.237193e-06
-7.044585e-06
-3.643186e-06
-9.957433e-06
 1.050357e-05
-2.654430e-06
-1.019378e-05
 1.014721e-05
 7.135337e-06
-1.930802e-05
 7.457445e-06
 6.831549e-06
-3.688245e-06
-2.659310e-06
-1.271405e-06
-1.880920e-05
-7.939881e-06
 5.442322e-06
-4.541289e-06
 4.274893e-06
-8.942281e-06
-4.484830e-06
 5.892625e-06
-1.197386e-05
 7.202316e-06
 2.038091e-06
-2.132544e-06
 3.269056e-07
-4.338011e-06
-6.391648e-06
-5.234647e-06
-2.875843e-06
 2.617713e-06
 5.274243e-06
-7.459548e-07
-1.135710e-05
-1.114895e-05
 1.005747e-05
-1.130568e-05
 1.309297e-05
-1.011119e-05
 4.801362e-06
 8.231578e-06
 2.839878e-06
 5.755379e-06
-2.922995e-06
 2.072405e-06
 1.245590e-05
-2.543145e-06
-8.738261e-06
 8.412521e-07
-1.757790e-06
 2.028733e-06
 4.672553e-06
 2.212536e-06
-1.555778e-05
-8.657655e-07
 1.472196e-06
-5.357713e-06
-1.122635e-05
 1.758798e-05
 3.313004e-06
 7.304339e-06
-1.076850e-05
-3.112002e-06
 4.388001e-06
-7.847434e-07
-2.482399e-06
-3.276039e-06
-7.203483e-06
-1.659287e-07
 2.828939e-06
 4.884444e-06
 7.822547e-07
 3.451474e-06
 1.686680e-06
-4.010792e-06
-1.614538e-06
 2.501829e-06
-3.481286e-06
 7.640288e-06
 2.452571e-07
-4.874734e-06
 4.996399e-06
-6.111588e-06
-5.170586e-06
-9.457738e-06
 2.054301e-07
 4.662976e-06
-4.608295e-06
 2.670830e-06
 2.207159e-06
-4.620277e-06
 4.370972e-06
 3.247545e-06
-1.669712e-06
 3.065560e-06
 5.769446e-07
-5.811217e-06
 5.461813e-06
-3.713054e-06
-7.551033e-06
-5.775243e-06
 2.280138e-06
 1.628221e-05
-2.578946e-06
 3.841152e-06
-1.037445e-05
 2.249983e-06
 6.925305e-06
 8.081796e-08
-6.574965e-06
 2.685195e-06
-6.199228e-07
-1.055108e-05
 3.047090e-06
-1.020978e-05
-4.575062e-06
 4.889038e-06
-2.704007e-06
 3.389344e-06
 3.700584e-06
 3.699457e-06
 6.680156e-06
 8.967287e-07
-5.126720e-06
 4.702055e-06
 4.479487e-06
 9.032982e-06
-1.778717e-06
 1.628773e-07
-4.043804e-06
 2.860240e-10
-8.070377e-06
 9.288063e-06
 2.098149e-06
 2.297556e-06
-2.383606e-06
 2.836724e-06
-1.536483e-05
 6.357667e-06
 9.878252e-07
-8.440489e-06
 9.155310e-06
-5.787591e-06
-7.064196e-06
-5.728828e-06
-1.621497e-05
-1.054216e-06
 1.137854e-05
-1.833195e-06
-3.958027e-06
 4.420405e-06
-1.117688e-05
-7.913173e-06
 3.153566e-06
 4.778174e-06
 1.301442e-05
-1.098188e-06
 9.853270e-07
-6.863146e-06
 3.990439e-06
-9.497043e-06
-1.743181e-06
 1.449965e-05
-7.972537e-07
 4.346849e-06
 1.706003e-05
 1.617360e-06
 4.707705e-06
-4.778511e-07
 3.661921e-07
 3.294418e-06
-3.468647e-06
 1.013925e-05
 1.588925e-05
 4.017870e-06
-4.963438e-06
-4.666390e-06
-3.498519e-06
-4.386617e-06
-7.098538e-06
 2.763868e-06
 1.455689e-05
 2.641656e-06
-7.940146e-06
 3.216521e-06
 7.858332e-06
 1.164077e-06
 2.936124e-06
 4.007625e-07
-4.958891e-06
-3.366505e-06
-9.624190e-06
-9.692241e-06
-1.676732e-06
-2.695379e-06
 7.646770e-06
-9.355936e-06
-5.546038e-06
-8.112106e-06
 4.670370e-06
 7.299965e-06
-2.890124e-06
 2.192473e-06
-6.185893e-06
-1.104677e-05
 4.869013e-06
-3.425362e-06
 5.606684e-06
-1.334761e-06
 1.053713e-05
 8.882977e-06
-4.764921e-06
-1.006647e-05
 1.430050e-06
 5.017396e-07
-3.397005e-06
 2.247065e-07
-8.216028e-06
 7.795042e-06
-4.401390e-06
-1.307495e-06
 7.277876e-07
-2.868791e-06
 8.491433e-06
-2.702189e-06
-2.245812e-06
 3.994218e-06
 1.944328e-06
-6.165970e-06
 8.794192e-06
-5.115562e-06
-2.584579e-06
 6.717191e-06
 5.019491e-06
-1.005829e-05
-6.253530e-07
 2.936165e-06
-7.082456e-06
-8.224105e-06
 2.698447e-06
-3.751875e-06
-9.752448e-06
 2.266102e-06
-6.513231e-06
-8.169025e-07
 3.307471e-06
 5.741721e-06
 8.415024e-06
 2.536208e-06
 5.546293e-06
-3.297097e-06
 3.017907e-07
-2.299173e-06
 4.088107e-06
-1.341641e-06
-8.508298e-06
 1.620525e-05
 1.412052e-06
 7.657838e-06
 1.619644e-06
 5.684365e-06
-1.703951e-06
 1.160884e-05
 2.469847e-06
 4.738358e-06
-1.247206e-05
-5.510320e-07
-7.675851e-06
-2.764871e-06
-3.688142e-06
-7.041933e-06
 6.962557e-06
-7.943755e-06
 7.531826e-07
-1.668655e-06
 4.332607e-06
 4.086539e-06
-6.173469e-06
 7.121290e-06
 5.558123e-06
-1.654970e-05
 9.987092e-06
-5.959136e-08
 1.235884e-05
-5.391264e-07
-1.363621e-05
-3.057220e-06
-3.663340e-06
-1.608017e-06
 1.605551e-06
-7.001673e-06
-5.921821e-07
 3.711157e-06
-6.245502e-06
-4.142679e-06
 6.226468e-06
 3.792576e-06
 1.219809e-05
 1.233089e-05
-6.458933e-06
-4.955887e-06
-8.257823e-06
 1.830359e-06
-1.047542e-06
 4.908892e-06
-1.185296e-05
-2.164535e-06
 4.326884e-06
 2.026486e-06
 8.546449e-06
 9.960808e-06
-7.235125e-06
 7.375858e-07
 2.565620e-06
-2.328800e-07
-1.497816e-06
 5.652130e-06
 5.613882e-06
-6.204844e-06
 7.365698e-06
-6.579762e-06
 1.268466e-06
 8.398964e-06
