xp
 1.365259e-07
-2.677658e-07
-4.709678e-07
-1.207299e-06
-2.397402e-07
 1.399887e-06
 6.943751e-07
-7.506760e-07
-9.973213e-07
 1.165697e-06
 4.898820e-07
-7.907406e-07
 4.812163e-07
 7.666119e-07
 1.316920e-06
-5.281386e-07
-5.095276e-07
 1.539710e-06
-6.085332e-07
-9.848444e-08
 1.295783e-06
 1.989808e-06
 1.060264e-06
 1.344216e-07
 5.581797e-07
-1.111490e-06
 1.060931e-07
-2.204641e-07
 3.217351e-06
 2.017078e-07
 1.339921e-06
-1.344888e-06
 3.279399e-08
-1.754261e-06
 6.556508e-07
 5.146003e-07
 4.810377e-07
-5.549645e-08
-1.985697e-07
-1.500138e-06
-1.650968e-07
 3.090565e-08
 4.731252e-07
-1.174547e-06
 1.321097e-07
-2.501423e-07
-1.991878e-07
 2.522292e-07
-1.073892e-06
 1.564869e-07
-4.928997e-07
 3.566353e-07
 8.508955e-07
 8.721555e-07
-1.822924e-08
 1.668892e-06
 1.268145e-06
 1.395601e-06
 1.513545e-06
 2.154306e-07
 2.761084e-07
 4.287304e-07
 8.448920e-07
 8.092392e-07
 2.315364e-06
-2.695090e-07
-5.500571e-07
 9.361009e-07
-1.054139e-06
 3.604890e-07
 3.859123e-07
 2.940367e-07
-1.061848e-07
-2.909642e-07
-1.236076e-06
-1.422276e-06
 1.396334e-06
 1.073514e-06
 4.322845e-07
-4.065969e-07
-7.236896e-07
-1.503891e-06
-6.340478e-07
 3.585955e-07
 1.673984e-06
 3.139485e-06
 2.963136e-07
-9.489074e-07
 1.179290e-09
-9.579604e-08
-2.541399e-07
 1.784375e-06
 5.214737e-07
-9.940469e-07
 1.317209e-07
-5.078581e-07
 3.878763e-07
 1.009485e-06
-3.504584e-07
 8.821955e-07
-1.783457e-06
 6.877700e-07
 1.163348e-06
 7.680768e-07
 9.800691e-07
-2.411985e-06
 4.043480e-07
-1.203699e-06
-8.589199e-07
 1.496634e-07
-1.573265e-06
-1.362068e-06
 2.375291e-06
 2.179215e-06
 2.586440e-08
 7.505302e-07
 1.658241e-06
 6.458324e-07
-2.021912e-06
 2.298934e-08
 2.221568e-06
 9.052520e-07
 7.922899e-07
-3.920720e-07
-7.850290e-07
-1.154000e-06
-2.737717e-08
 7.637977e-07
 3.559369e-07
-5.182297e-07
-4.320506e-07
 7.207839e-08
 3.726018e-07
 1.066717e-07
 2.479444e-07
 5.388482e-08
 9.678593e-07
 6.992084e-07
-3.624677e-07
-1.051722e-06
 1.023516e-06
-8.943439e-07
-4.192599e-07
-1.030674e-06
-3.198329e-07
 1.647563e-06
 2.647325e-07
 2.614759e-06
-1.208267e-06
 6.714382e-08
-2.066127e-06
 4.492900e-07
-1.092331e-06
 1.443432e-06
 1.651705e-07
-3.327866e-07
-6.812820e-07
-5.296382e-09
 1.811841e-06
-1.544625e-06
-2.206776e-06
 1.610706e-06
-7.745828e-07
-1.023215e-06
 1.380059e-06
 1.739242e-06
 5.002805e-07
-6.838122e-07
 8.739622e-07
-4.386296e-07
 1.416080e-07
 1.261152e-06
-6.462406e-07
-2.754818e-08
 3.978095e-07
-9.965105e-07
 3.437420e-07
-4.605235e-07
-1.055525e-06
 3.442923e-07
 4.935839e-07
 1.499365e-07
-4.827831e-07
-1.736960e-06
-6.150548e-07
 4.803672e-07
 2.786400e-06
 2.943016e-07
-3.226665e-07
-2.830915e-07
-6.028187e-07
-8.183740e-08
-6.763297e-07
-3.320786e-07
 2.179766e-07
 6.835638e-07
 6.376721e-07
-8.691957e-07
 5.891999e-07
 5.846477e-07
-9.114287e-07
 1.433873e-06
 9.995207e-07
-1.936773e-06
 1.288333e-07
-5.769076e-07
 3.929860e-07
-1.081365e-06
 2.761459e-07
-1.055119e-06
 7.336256e-07
-1.864189e-06
 1.050924e-06
-1.075769e-06
-3.622539e-07
-1.497277e-07
-3.316011e-07
 9.217447e-07
-3.368109e-07
-6.101199e-07
-6.053241e-07
-9.887582e-07
-2.389591e-06
 1.165663e-06
 3.410097e-07
 9.496498e-07
-5.212934e-07
-7.470105e-07
 1.310945e-06
 1.539440e-06
-1.019684e-06
-2.134903e-06
 9.823208e-07
 6.666837e-07
-9.941924e-08
-9.275204e-07
-6.168651e-07
-1.239172e-07
 3.503899e-07
 1.173742e-06
 1.596724e-06
 7.766999e-07
 9.470547e-07
 7.973982e-07
 1.715484e-06
 1.785037e-07
-5.875050e-07
-6.059424e-07
-8.818537e-07
 2.260984e-06
-2.811825e-07
-1.306049e-06
 2.716987e-07
-1.477844e-07
-2.978011e-07
-5.211989e-07
-1.245029e-06
-2.172541e-06
-1.733068e-06
-1.201421e-06
-7.740194e-08
 1.612428e-06
 1.860939e-07
 4.408610e-07
-1.200488e-06
-1.884886e-07
-2.371821e-07
-1.375885e-06
-4.458345e-07
 3.632091e-07
-2.139831e-07
 7.329692e-07
 1.717962e-06
-3.938780e-07
-3.033149e-08
 1.008170e-07
 5.161727e-07
 1.638585e-06
-9.952333e-08
-1.763976e-06
 5.003374e-07
 8.100305e-08
-3.433938e-07
 8.093688e-07
 1.267151e-06
 2.896167e-07
 1.422989e-07
-1.438960e-06
 5.908127e-07
-1.349727e-06
 1.782589e-06
 4.320963e-07
-6.698787e-08
-4.482585e-07
-1.037916e-06
-1.444160e-07
-2.397847e-06
 1.201004e-06
 1.297697e-06
 1.755339e-06
-7.914212e-07
-2.276911e-06
 1.032772e-06
 1.329147e-06
 7.261371e-07
-4.996532e-07
-1.192679e-06
 8.307525e-07
-4.298675e-07
-7.442787e-08
 3.801297e-07
-4.889631e-07
 5.647826e-07
-1.440856e-07
-1.167825e-07
 1.473943e-06
-1.502456e-06
 2.053208e-06
-1.131564e-06
-1.306703e-06
-8.761998e-07
-4.708240e-07
 1.431261e-07
 4.552193e-07
-7.041247e-07
-7.903113e-08
 7.779165e-07
-1.954427e-06
-1.766810e-06
 2.091643e-06
 1.612461e-06
-6.033605e-07
-2.894198e-08
 1.305226e-06
-1.737127e-07
-1.520914e-07
-1.757623e-06
 5.542211e-07
 7.295957e-07
-5.589901e-07
 9.873689e-07
-3.599470e-07
 8.660947e-07
 2.274033e-06
-2.013558e-08
-4.284155e-07
 2.462080e-06
 1.499595e-07
 1.932589e-06
-6.024413e-07
-1.019580e-06
 1.102214e-06
 1.352332e-06
-4.476314e-07
 1.696678e-06
 1.228279e-06
 1.936993e-06
-2.692248e-07
 1.334718e-06
 7.988931e-07
-6.028475e-07
-1.614953e-06
 1.392777e-06
 2.908365e-07
-3.664069e-07
-8.820503e-07
 9.060951e-07
-1.161298e-06
-4.413627e-07
-8.355029e-07
 2.062315e-06
 1.988756e-07
 4.955719e-07
-3.965400e-07
 5.287647e-07
-1.052162e-06
-5.925705e-08
 8.718844e-07
-1.691798e-06
-3.017964e-07
-1.323600e-06
-9.987896e-07
 5.995343e-08
-3.051734e-08
 4.612012e-07
 1.006267e-06
-4.923368e-07
 4.009818e-07
-8.373099e-07
-7.869608e-07
-1.017363e-06
 3.628705e-07
 5.224224e-07
-5.379178e-08
 1.103624e-06
-1.278776e-06
-1.487998e-06
-1.755171e-06
 9.029761e-07
-2.655917e-06
-1.411721e-07
 3.555156e-07
-2.578082e-07
 6.942605e-07
-1.735977e-08
 1.263838e-06
-7.712951e-07
-2.411733e-06
 1.156257e-06
-1.583368e-07
-7.267199e-07
 5.712391e-07
 1.240806e-06
-9.316057e-07
-1.393459e-06
 1.269160e-07
-4.468693e-07
-1.337623e-06
 2.053804e-07
 6.620127e-07
-6.759536e-08
 8.381048e-07
-1.432017e-06
-8.575754e-07
-1.155265e-06
 9.967402e-07
-1.097381e-06
-8.771007e-07
-2.685704e-07
-4.535853e-07
-4.914460e-07
-7.919441e-07
 2.521755e-07
-1.998694e-06
-1.902126e-07
-1.235316e-06
-1.444902e-06
-1.023141e-07
 5.367534e-07
-3.949826e-07
 1.007215e-06
 9.882610e-07
-6.170084e-07
-9.701925e-08
-2.400406e-07
 4.049315e-07
-2.131059e-07
-1.046899e-06
 6.717989e-07
 6.601362e-07
 2.438925e-07
-1.473359e-06
-1.160509e-06
-5.706625e-07
 1.142190e-06
-7.771934e-07
 8.899463e-07
 9.235243e-07
 1.178906e-06
-6.736181e-07
 1.875718e-07
-6.292950e-07
 5.015589e-07
 3.026717e-08
-5.086143e-07
 1.353101e-07
-1.313722e-06
 1.636562e-07
-1.297065e-08
 6.627483e-07
 6.183006e-07
 6.578920e-07
-1.068920e-06
-5.069369e-07
 2.213732e-06
 9.505432e-07
-1.445708e-06
 5.020405e-07
-8.844635e-08
 6.757528e-07
-2.685101e-07
-2.857146e-06
-9.070440e-07
-4.557711e-07
 1.846092e-07
-2.373344e-07
-3.385499e-07
 5.870975e-07
 4.473718e-08
 4.090267e-07
 5.996406e-07
-9.524447e-08
-9.627893e-07
-2.065110e-07
-9.754572e-07
-9.775240e-07
 2.204569e-06
 2.021363e-07
-1.064280e-06
-7.413864e-07
-3.975458e-07
 1.332847e-06
 9.408980e-07
-6.294818e-07
-9.576212e-07
-4.492762e-07
-2.818399e-06
-6.321860e-07
-4.007122e-08
 6.503348e-07
-2.838768e-07
-5.341826e-07
 4.571493e-07
-1.361270e-06
-1.698798e-06
-2.743082e-08
-4.134455e-07
 1.391472e-06
 1.288217e-07
 1.247635e-06
 1.538546e-06
-6.481833e-07
-8.729789e-07
-2.169094e-06
 2.678033e-07
 7.658348e-07
-1.673760e-06
-6.920972e-07
-3.818103e-08
 5.808743e-07
-1.098837e-06
-8.482112e-08
 6.011469e-07
-7.708685e-08
-2.700169e-07
 9.270942e-07
-1.393667e-07
 8.517101e-08
 9.581017e-07
-1.483393e-07
-4.742204e-07
-5.897995e-07
 3.301956e-07
-1.359735e-06
 1.192763e-06
 1.359338e-06
-2.408801e-06
 4.582088e-07
-5.479490e-07
 1.145720e-06
-2.639803e-06
 8.009697e-07
-7.322192e-07
-3.777120e-07
 1.081557e-06
-4.577910e-07
 1.222445e-06
-1.750525e-07
 1.322800e-07
-1.210546e-06
 5.397522e-07
-6.250316e-08
-1.040430e-06
 8.086203e-07
-1.078951e-06
 1.993419e-07
-1.237556e-06
 9.783399e-07
-8.321023e-07
-1.537118e-06
-2.270593e-07
-4.385585e-07
-6.904818e-07
-1.433642e-06
 4.537953e-07
-7.417995e-07
 8.816388e-08
-4.721526e-07
 1.375070e-07
 1.286141e-06
 1.052175e-06
 7.554657e-07
-1.250222e-06
 1.153619e-06
 4.839418e-07
 1.442720e-07
 1.416757e-06
-5.162194e-07
-2.264206e-06
-2.016280e-06
 3.846364e-07
 1.206506e-06
 1.418536e-06
-1.581927e-06
-9.328017e-07
 9.297084e-07
 1.159615e-06
-1.430094e-06
-1.632737e-06
-8.954267e-07
 1.443823e-06
 1.336491e-06
 1.252869e-06
 7.336183e-07
-5.219342e-07
-1.387175e-07
-1.558461e-06
 4.770319e-07
 1.258401e-07
-7.456867e-07
-1.794793e-06
-1.408840e-06
 7.549928e-07
 4.037508e-07
 6.040100e-07
 1.176092e-06
 1.511795e-06
 1.544995e-06
-1.053562e-06
 7.684234e-07
 2.585216e-06
 4.805397e-07
-1.561809e-07
 2.625558e-07
-2.238825e-07
-8.075117e-07
 1.626905e-06
 1.176881e-06
 1.274052e-06
-8.227068e-07
 1.030085e-07
 4.732464e-07
 7.525746e-07
 1.203803e-06
 2.277357e-08
 1.011705e-07
 2.547080e-06
-1.892090e-06
 1.628597e-06
-4.827008e-07
-3.985158e-07
-2.482278e-07
 1.518652e-07
-7.883103e-08
-4.500839e-07
-1.067532e-06
 8.586424e-07
 4.164893e-07
 6.506812e-07
 4.955178e-07
-1.415171e-07
 5.813990e-07
 1.587642e-06
 1.884684e-06
 2.907521e-07
 3.492076e-07
 9.832972e-07
 4.693778e-07
-6.635827e-07
-5.678811e-07
-5.560032e-07
 2.087480e-06
 7.488880e-07
-3.141913e-07
-1.101426e-06
-4.947700e-07
 8.291174e-10
-1.405532e-07
 1.476902e-06
-4.045023e-07
 2.975230e-07
-2.050812e-06
-4.233444e-07
-2.854554e-07
-2.802506e-08
-1.074024e-06
-2.619714e-06
 3.666357e-08
-1.384597e-06
 1.127522e-06
-1.289250e-06
-7.218636e-07
 7.544161e-07
 1.164666e-06
-9.654105e-07
 5.226211e-07
 1.206339e-06
 1.857249e-07
-6.053933e-07
 1.711640e-06
-1.034584e-06
 5.327922e-07
-7.547155e-07
-2.233095e-07
-2.035609e-07
 5.104184e-07
 2.736855e-07
-8.681503e-07
-4.845294e-07
-1.185566e-06
 4.561433e-07
 2.569885e-07
-2.048236e-07
-8.619317e-07
-1.693693e-06
-1.289065e-06
 5.422677e-07
 1.100689e-06
 1.722562e-07
 6.095882e-07
-3.417389e-07
 8.426177e-07
 7.332749e-07
 1.116920e-06
 1.396965e-07
-1.527006e-06
-1.605388e-06
-1.358639e-06
 1.574459e-06
-2.217775e-07
 4.745324e-07
-1.326640e-06
 1.591428e-06
 3.415814e-07
-4.689366e-07
 8.478520e-08
-1.369263e-06
 4.340868e-07
-1.529676e-07
-2.733212e-07
-2.776706e-06
-8.067562e-07
 7.847191e-07
 1.947482e-08
-1.473082e-06
 2.488117e-06
-2.349523e-07
 5.087440e-07
-2.112083e-06
-9.754540e-08
-8.212545e-08
-8.106776e-07
-1.198213e-06
-2.232423e-06
-5.634686e-07
-1.767303e-07
 1.578323e-06
 3.866728e-07
 7.988795e-07
 1.613207e-06
 1.210530e-06
 4.525018e-07
-2.080238e-07
-8.462023e-07
 7.938057e-07
 1.188762e-06
 5.934034e-08
-1.106606e-06
 1.996755e-07
 7.977830e-07
-1.010762e-06
-1.243660e-06
 2.520713e-06
 1.604510e-06
 2.578299e-07
-1.206883e-06
 2.852066e-07
-9.241796e-07
-2.495806e-07
 1.921362e-06
-1.355377e-08
 1.558465e-06
-3.401888e-08
-7.213337e-07
 2.616415e-06
-3.168202e-07
 2.428598e-07
-9.952656e-07
-5.518314e-07
 2.668040e-07
 1.197511e-06
-6.961600e-07
-2.098578e-06
-1.821106e-07
 1.385812e-06
-1.176358e-06
-1.029471e-06
-2.395924e-06
-1.092994e-06
-2.237873e-07
 1.838673e-07
-6.941522e-08
 2.973647e-07
-1.466255e-07
 1.191831e-07
-7.703549e-07
 2.786831e-06
 5.128686e-07
 7.366317e-07
-8.876519e-07
 2.770567e-07
 9.431400e-07
 2.138528e-06
 1.190833e-07
 5.142321e-07
-2.376860e-07
-7.151102e-07
-1.591063e-06
-9.208363e-07
 5.349945e-07
 1.858798e-06
-5.325653e-07
 1.537448e-06
 7.337510e-07
-7.362588e-07
-8.288480e-07
 8.068350e-07
-1.441735e-06
 9.232933e-07
 1.090450e-06
-9.055392e-07
-1.256660e-06
-2.051912e-06
 7.245023e-07
 2.151978e-06
 8.042017e-07
 7.821660e-07
 1.583138e-06
-1.062238e-06
-1.675739e-06
 7.640802e-07
 1.555554e-06
-1.659155e-07
-1.950071e-06
-1.537655e-06
-4.883164e-07
 1.003397e-07
-8.497949e-07
-1.637871e-06
 2.677730e-07
 9.446252e-07
-9.459162e-07
 2.258065e-06
-2.403159e-06
 1.903926e-06
 4.510872e-08
 2.011857e-07
 5.134136e-07
 9.777624e-07
 1.793438e-06
 1.236182e-06
 6.074403e-07
-1.523123e-06
-1.150153e-06
-3.238296e-07
-6.318889e-09
 2.651467e-07
 3.155026e-07
 8.962930e-07
 4.298282e-07
 1.144887e-06
 3.254413e-08
 1.901184e-07
-6.134991e-07
-6.833247e-07
-5.002704e-07
-1.026435e-06
-1.323450e-06
-1.174993e-06
-1.183880e-06
-8.926191e-07
 1.071744e-06
 5.279955e-07
 7.641381e-07
 1.099787e-06
-4.403047e-07
-1.341036e-07
 9.116151e-07
 1.371414e-07
 6.571023e-07
-1.204528e-07
-1.181304e-06
 1.803964e-08
 8.239874e-07
 2.636549e-07
 2.105555e-07
 1.073697e-06
 1.404792e-06
-7.439864e-07
-1.535832e-06
-1.931978e-07
-2.114699e-06
-5.045612e-07
 3.368063e-08
-2.278680e-06
 5.295211e-07
-2.578130e-06
-3.025324e-07
-5.973013e-07
-6.542036e-07
 2.736010e-07
 4.896424e-08
-6.149856e-07
 5.600375e-07
-1.270142e-06
 1.965696e-07
 2.964280e-06
 6.180924e-07
 3.957499e-07
 9.500794e-07
 3.695989e-08
-1.908648e-06
-6.828013e-07
 1.538733e-07
-1.851859e-06
 3.238729e-07
 2.053424e-07
 1.919419e-07
-1.246858e-06
 6.692255e-07
-4.213030e-07
 4.577748e-07
-1.147220e-06
-6.789012e-07
 1.322270e-06
-2.325656e-07
-9.592328e-07
-9.899099e-07
-7.631975e-07
-4.572758e-07
-5.136102e-07
 9.374285e-07
-9.637508e-07
 2.260927e-06
-8.675159e-07
 9.001158e-07
-6.315632e-07
 1.116560e-07
-1.032271e-06
-6.013768e-07
 1.689365e-06
-3.462220e-08
 7.469887e-07
-6.321087e-07
-1.100134e-06
-1.586485e-07
-9.676954e-07
 1.966181e-07
-2.000471e-08
 2.532031e-07
 3.128336e-07
-2.557738e-07
 5.759165e-07
 1.206509e-08
-1.152632e-06
 4.171677e-07
-2.589978e-07
-7.520977e-07
-1.152406e-06
 1.510837e-06
 1.057922e-06
 1.434146e-07
-1.785377e-06
-1.861947e-07
 8.680455e-07
 1.711740e-07
-5.025960e-07
 3.045801e-07
 4.524316e-08
 1.685753e-06
-1.159809e-06
 1.721335e-07
 8.949562e-07
 2.957919e-07
 1.201411e-06
 1.162410e-06
-1.597463e-06
-1.701733e-07
-3.317955e-08
 1.283884e-07
 2.138135e-06
 1.510011e-06
-1.625731e-06
 3.308845e-07
 1.405370e-06
 8.960068e-07
-9.612481e-07
 2.382666e-06
-1.742378e-06
 1.321870e-06
 1.530787e-06
-1.360038e-06
 9.541387e-07
 2.300946e-06
 6.759130e-07
-2.225899e-06
 8.272179e-07
-1.027344e-06
 6.826727e-07
 1.136652e-06
