y
-3.091266e-06
 8.687825e-06
-1.211821e-05
-2.671290e-06
-2.307270e-06
 4.623550e-06
 3.536611e-06
-7.282836e-06
 6.146113e-08
 6.713433e-06
 2.945067e-06
-5.497491e-06
 1.130208e-05
-1.072206e-05
 1.329493e-06
-1.310520e-06
 2.792219e-06
 1.103430e-05
-5.642940e-06
-1.560878e-06
-7.789179e-06
-1.396745e-05
 2.871489e-06
-1.552671e-06
 3.880927e-06
-4.872909e-07
 1.438270e-06
-1.343382e-05
-8.395368e-06
 8.739419e-06
 8.296928e-06
-1.506257e-05
 2.522587e-06
 5.410502e-06
-1.189728e-05
-4.311898e-06
-1.200614e-05
-7.229840e-07
 9.630517e-06
-4.181218e-06
-2.945413e-07
-5.287152e-06
 1.018541e-05
-5.143424e-06
 4.922076e-06
-4.183774e-06
 1.149659e-05
-1.974407e-05
 2.605660e-06
-3.685429e-06
-2.683358e-06
 1.298542e-06
-3.290650e-06
-1.248503e-05
 4.309063e-06
-1.709772e-06
 2.382690e-06
-4.438244e-06
 1.181349e-05
-1.042591e-06
 3.215993e-06
-3.667428e-06
-2.333988e-06
 1.528743e-05
-2.695688e-06
-7.834815e-06
 8.911038e-06
 8.720751e-06
-2.457058e-06
-1.276532e-05
-2.310045e-06
 9.996986e-06
-7.483545e-06
-2.603247e-06
-1.529098e-06
-4.734515e-06
 1.405386e-05
 3.038884e-06
-1.429730e-05
-8.355621e-06
 3.279249e-06
 4.547775e-06
-9.491238e-06
-9.766483e-06
-8.857714e-06
-7.763422e-06
 4.848016e-06
 1.672599e-05
-7.502180e-06
-3.964816e-06
 9.436264e-06
 1.006827e-05
 3.099592e-06
-8.468156e-06
 8.808736e-06
-1.094458e-05
-7.807762e-06
-1.058308e-05
-1.528445e-05
-1.388455e-07
-3.503860e-06
 1.416244e-05
-1.839158e-05
-1.345103e-06
 1.458322e-06
-1.617897e-06
-6.718132e-06
-1.247380e-05
-1.532531e-06
 2.070328e-06
 1.308259e-05
-5.369372e-06
 1.695854e-05
-1.428730e-05
 1.189889e-05
-8.891584e-06
 3.983834e-07
 1.282076e-05
 8.280869e-06
-1.855609e-06
-1.098563e-05
 1.574457e-05
 2.670211e-06
 4.764911e-06
-4.272517e-06
-1.399354e-06
 9.781166e-06
-2.594786e-07
 6.389075e-06
-3.184911e-06
 2.256814e-06
-5.217229e-06
-1.632844e-06
 3.406561e-06
-9.977160e-06
-4.626011e-06
 1.018530e-05
 6.509944e-06
 6.697232e-06
-1.328060e-06
-1.322140e-05
-1.338872e-06
 9.225644e-06
 7.848685e-06
 2.826590e-06
-6.500919e-06
-7.959562e-06
 7.383132e-06
-1.161407e-05
-1.258471e-05
 1.107621e-05
-4.700598e-06
-4.067259e-06
-2.536232e-06
 4.593539e-06
 4.308546e-06
 7.419289e-06
-7.223010e-07
-3.889740e-06
 1.400257e-05
-1.838610e-05
 1.741049e-06
 7.227800e-06
-8.541693e-06
-5.246482e-06
 2.694542e-06
-3.211907e-06
 4.457649e-06
 3.264087e-06
-3.395623e-06
-9.850211e-06
 2.122136e-06
 3.907625e-06
 1.146470e-05
-8.875263e-06
 5.665940e-06
-8.860888e-06
 9.078272e-06
-4.988781e-07
 1.704114e-06
 3.470930e-06
-8.111102e-06
 2.489575e-06
-6.316354e-06
-1.538184e-05
 7.987980e-06
-6.082918e-06
 6.532980e-07
 1.065474e-06
 9.739957e-06
 1.036663e-05
 1.088287e-07
-4.345814e-06
 1.973006e-05
-4.203309e-06
-1.488115e-06
-1.674419e-05
 3.784286e-06
-3.663927e-06
-1.883251e-06
 6.566058e-06
 4.903096e-06
-2.553173e-06
 9.446639e-06
-1.222826e-05
 5.791187e-07
 1.262989e-05
 1.634204e-05
 7.193901e-06
 2.848273e-06
 4.958813e-06
 1.898323e-05
-1.036899e-06
-4.724950e-06
 7.506658e-06
 1.324045e-05
 9.556473e-06
-7.995397e-06
 7.794587e-07
-9.284067e-06
-6.096129e-06
-4.474513e-06
-1.412500e-05
-3.504766e-06
-9.813996e-06
-2.297838e-06
-5.963289e-07
 1.242466e-05
-8.172453e-06
 1.022709e-05
-3.263151e-06
-3.000926e-06
 9.246833e-06
 2.915707e-06
 1.145508e-05
-1.500554e-05
 1.348236e-05
-1.200993e-05
-1.424150e-05
-1.241114e-05
 3.144831e-06
 2.076364e-06
 1.493901e-06
 1.236371e-05
-1.904493e-05
-2.005444e-06
-8.170955e-06
-8.701492e-06
-5.354198e-06
-1.080447e-05
-8.902267e-06
-1.171346e-05
-1.896279e-05
-5.260126e-06
 1.165305e-06
 7.484281e-06
-5.287482e-06
 7.518280e-06
 6.796831e-06
 6.043610e-06
-3.748881e-06
 1.529441e-05
-1.220908e-06
 2.340853e-06
-1.017272e-05
 1.335360e-06
-6.263503e-06
 3.372966e-06
-1.075298e-05
-3.703762e-06
-9.642824e-06
-4.745965e-06
 1.694969e-06
-1.158573e-05
 8.358301e-06
 1.690029e-05
 7.243507e-06
 1.468324e-05
-1.208788e-05
-1.155638e-05
 8.776597e-06
 9.886570e-07
 2.268705e-06
 3.286240e-06
 9.714340e-06
-8.285905e-06
 1.138359e-05
 1.230576e-08
 1.164886e-05
 9.940061e-06
-3.121882e-06
 1.046954e-05
-4.535369e-06
 5.442699e-06
 7.172410e-06
-4.747772e-06
 7.418301e-06
 9.132291e-06
-1.468707e-05
 2.776798e-06
-8.175622e-06
-1.111082e-05
 1.588812e-06
 7.145303e-06
 6.498754e-07
 2.221994e-06
-1.425292e-05
-2.171701e-07
 9.134383e-07
 1.439076e-06
 5.019377e-06
-6.147511e-06
-1.395428e-05
 3.054968e-06
-1.344256e-06
-1.241603e-05
 9.321405e-07
 4.190658e-06
 2.914194e-06
 9.495452e-06
 4.514401e-06
 2.260614e-05
-1.348684e-05
-1.379734e-06
-2.798864e-06
 4.394157e-06
 1.430688e-05
-1.551801e-06
 2.618295e-06
 6.548956e-06
 7.649993e-06
 4.432196e-06
 6.120721e-06
 2.448214e-06
-9.755461e-07
 5.114340e-06
-5.773115e-06
 9.681346e-06
-4.529345e-06
-6.877835e-07
 1.237938e-06
 3.685958e-07
 2.765465e-06
 9.205122e-06
 1.093003e-05
 1.242626e-06
-6.857143e-06
 8.817106e-06
 6.455873e-06
-1.144379e-07
-8.353523e-07
-1.266412e-05
-1.443114e-05
 5.080106e-06
-2.191197e-05
-7.750806e-06
 1.658488e-05
 7.055751e-06
-6.969947e-06
 3.618876e-06
-6.870018e-07
 7.156776e-06
 2.693272e-06
 9.053180e-06
-1.393707e-05
-6.303358e-06
 1.255227e-05
-1.649910e-06
-4.511011e-06
 6.767400e-07
-1.878632e-05
 5.645265e-06
 4.204980e-06
 7.223817e-06
-2.499288e-06
-1.473288e-05
-2.622528e-06
 8.656063e-06
-9.351060e-06
-2.039741e-05
 1.065385e-06
-7.650782e-06
 3.542961e-06
 5.093087e-06
 1.793584e-05
-3.438363e-06
 1.448162e-06
 1.075365e-05
 5.071904e-06
 6.154615e-06
 1.421772e-05
-1.466938e-05
 8.298257e-06
 6.927525e-06
-1.834928e-06
-2.378512e-07
-7.258166e-06
 7.360469e-06
-2.108241e-06
-9.047066e-06
-4.689761e-06
-1.756272e-06
-5.231988e-06
-2.394760e-06
-1.285318e-05
 1.784554e-06
-4.792348e-06
-5.431730e-06
-3.341952e-06
 2.196630e-06
-4.052691e-06
 1.238659e-06
 1.067212e-06
 1.015112e-05
-1.818756e-05
-2.333793e-06
-6.122488e-06
-5.600532e-06
-4.304337e-06
-1.097202e-05
-2.804833e-07
-5.999031e-06
-1.403830e-05
 6.548519e-06
-1.862810e-06
-1.353171e-05
-1.164961e-06
 5.128831e-06
-1.228683e-05
-9.353276e-07
 4.177185e-06
-1.833398e-05
 5.827181e-06
-7.815502e-06
 7.379891e-06
 2.195581e-06
 1.014732e-05
-3.207882e-08
 1.618207e-06
-1.619717e-05
 1.485389e-05
 1.561709e-05
 1.166028e-05
 1.415606e-06
-1.939973e-06
-1.232661e-06
-5.507460e-06
 1.161616e-05
 7.065456e-06
 4.473450e-06
 9.734223e-07
 9.867766e-06
 2.980183e-06
-1.366810e-06
 3.013967e-06
-3.576576e-07
 5.653225e-06
 7.768688e-06
 5.305089e-06
 1.188905e-06
-1.396788e-06
-1.623583e-05
 7.857773e-06
-8.376693e-06
 3.837948e-06
 4.842807e-07
 9.375132e-06
 5.171835e-06
 2.244116e-06
-6.880203e-06
 8.581975e-06
 1.474179e-06
-3.661938e-08
-1.560691e-06
 4.104483e-07
 3.840814e-06
 7.919315e-06
 7.196231e-06
 4.302456e-07
 7.603030e-06
-1.120252e-05
-8.899660e-06
-2.009573e-05
 3.381148e-07
-5.850975e-07
 4.601220e-06
 5.688307e-06
 7.055195e-06
 1.382795e-06
-3.850891e-06
-6.696883e-06
-1.181863e-05
-4.815094e-07
 3.735616e-06
 5.160692e-06
-5.550460e-06
 1.049053e-05
-4.804878e-06
-4.536172e-06
 9.140614e-06
 4.837586e-06
 3.817842e-06
 7.559914e-06
-5.874342e-06
-5.833000e-06
-1.442347e-05
 1.431003e-06
 1.047556e-05
-2.028790e-06
-2.101714e-05
 7.322322e-06
 7.636475e-06
-1.385538e-05
-2.058102e-06
-8.357394e-07
 9.202370e-06
-5.400457e-06
 4.625636e-06
 9.164546e-06
 1.966430e-06
-8.434768e-06
-6.633750e-06
-7.441644e-06
-2.946492e-06
-1.436715e-05
-3.515354e-06
-1.378790e-05
-6.281793e-06
-7.025606e-06
 6.274318e-06
 7.237289e-06
 5.467411e-06
 8.294342e-06
 9.240329e-06
 1.060553e-05
 4.317955e-06
 4.404734e-06
 5.641122e-06
 1.121983e-05
-3.761675e-06
 4.374457e-06
-1.374661e-06
 1.332803e-05
 2.410835e-06
 1.690223e-06
-8.509564e-06
-1.254425e-05
-1.146989e-05
 1.701393e-06
 3.826996e-07
-3.674915e-06
-3.020386e-06
 7.079979e-07
 1.062138e-06
-1.019816e-05
-1.824468e-05
 9.560201e-06
-1.058097e-05
 1.637639e-06
 1.792899e-05
-1.148434e-05
-5.047774e-06
-1.213102e-05
 3.126858e-06
-1.107772e-05
-8.107962e-06
 1.506768e-06
-1.984979e-06
-2.031427e-05
 1.477354e-05
-1.111599e-05
 4.260508e-06
-1.401905e-06
 9.676371e-06
 6.665904e-06
 1.030275e-05
 2.085322e-06
-3.949288e-06
-1.915181e-06
 4.097041e-08
-4.842842e-06
 1.362097e-06
 6.088288e-06
 2.045242e-05
 1.478423e-05
 4.764498e-06
 7.746140e-08
-4.719405e-07
-1.990321e-06
 5.783719e-06
 2.287808e-06
 1.518461e-06
-2.387499e-07
 3.532109e-06
 2.081833e-06
-1.175878e-05
 1.542829e-06
-9.090447e-07
-1.236962e-05
 1.930452e-05
 1.396267e-05
 4.904065e-06
-1.981459e-05
-1.348068e-05
-1.253896e-05
 6.928754e-06
-1.557791e-05
-7.122247e-07
-8.175712e-06
 3.012737e-06
 2.325537e-06
 2.330792e-06
 1.209594e-05
-3.402240e-06
 2.373710e-06
 5.202485e-06
-1.192901e-05
 1.321505e-06
 1.169590e-05
 3.342110e-06
 4.691364e-06
-3.171783e-06
-5.652587e-06
 2.115740e-06
 1.515896e-06
-4.294014e-06
-1.458196e-06
-9.654256e-06
-1.388427e-05
-9.690193e-06
 4.468860e-07
-3.315146e-06
 3.219208e-06
 2.015523e-07
 1.946532e-05
 1.562057e-05
 5.732627e-06
 1.090791e-05
 1.358848e-05
 4.211296e-06
-5.808692e-06
 1.333823e-05
 3.149726e-06
-3.980163e-06
 9.661289e-07
-1.757574e-05
 3.302768e-06
 1.780828e-05
 4.993875e-06
-3.487669e-06
-1.358872e-05
 2.901124e-06
 1.194307e-05
-3.099188e-07
-6.344346e-06
-5.819868e-07
-8.350151e-06
 9.560046e-06
 9.456715e-06
 1.882426e-05
 4.114508e-06
-1.057996e-05
-3.010506e-06
 6.685320e-06
-4.755339e-06
-1.041947e-05
-5.490916e-06
 3.589160e-07
-2.814962e-06
 8.781739e-06
 4.186688e-06
 1.014772e-05
 1.227547e-06
 8.649804e-07
-3.877510e-06
 1.553496e-05
-9.836129e-06
-7.761075e-07
 1.204914e-05
-8.040821e-06
-1.744910e-05
 5.097579e-06
-1.962140e-07
-1.231736e-05
 6.826467e-06
-2.856701e-06
 4.948921e-07
 7.454735e-07
-1.194198e-07
-1.082524e-05
-6.957064e-06
 5.187663e-06
-7.100584e-06
 1.815097e-06
 5.065114e-06
 8.729111e-06
-9.674284e-06
 8.177445e-06
-3.621235e-06
 5.385253e-06
 2.133001e-07
 8.419047e-06
 1.463748e-06
 5.324206e-06
-5.057445e-06
-1.114225e-05
-5.095974e-06
-2.404798e-06
-4.662054e-06
 7.604130e-06
-1.919696e-06
 1.695721e-06
 8.181983e-06
 3.781783e-06
-9.789398e-06
 7.038457e-06
 3.954926e-06
 4.983586e-06
-8.383656e-06
 1.183856e-05
 5.785220e-06
 6.372671e-06
-1.573859e-05
 1.389826e-05
 6.932777e-06
 6.723105e-06
-5.034365e-07
-5.692157e-06
-2.725731e-06
 1.257926e-05
-1.143296e-05
-7.456244e-06
-4.105777e-06
-1.356457e-05
 2.122095e-06
 6.973000e-06
 9.230656e-06
-1.136150e-06
 8.565533e-06
-2.484562e-06
-1.186604e-05
-2.453433e-06
-4.722533e-06
 1.466460e-06
-6.372454e-06
 1.329214e-06
 8.861152e-06
-1.859375e-05
-3.563309e-06
 5.430617e-06
 9.080625e-06
-6.069788e-06
-5.281306e-06
-1.633867e-05
-1.696964e-06
-2.645127e-06
-1.418794e-06
 1.943956e-06
-6.907645e-07
-9.685420e-06
-3.137690e-06
 4.032865e-06
 2.661894e-06
-2.334002e-06
-4.539202e-06
 8.682560e-06
 6.433028e-06
-5.494027e-06
-5.669230e-06
-8.298792e-06
 9.960177e-06
-6.881207e-06
 9.144359e-06
 1.618279e-06
-1.347078e-05
-3.474332e-06
 6.346577e-06
 5.696043e-06
-1.301458e-05
-7.099139e-06
-1.815641e-06
-6.873960e-06
-3.216188e-07
-1.495846e-05
-4.418309e-06
 2.640710e-06
 3.998371e-06
-7.259608e-06
-1.327955e-05
-1.011229e-05
 8.729695e-06
 1.864747e-05
-4.113293e-06
 1.118051e-05
-7.739952e-06
-2.516061e-06
-9.892233e-06
-1.261179e-06
 6.116966e-06
 8.303073e-06
 9.141228e-06
 2.726164e-06
-1.012200e-05
 4.975783e-06
 1.520121e-05
 4.506714e-06
 6.612138e-06
 7.445909e-07
 4.457205e-06
-3.863973e-07
-1.632416e-05
 4.688485e-06
-5.140959e-06
-1.525592e-06
 8.863700e-06
-2.032859e-06
-4.849595e-06
 5.506808e-06
 7.734145e-06
-5.011304e-06
 5.221523e-06
-6.790042e-06
-6.636917e-07
 4.376309e-06
-1.909018e-06
 6.170290e-07
-1.706337e-05
 2.266809e-06
 2.138300e-06
 1.367216e-05
 5.582845e-07
 2.037410e-05
-8.962062e-06
-1.634164e-05
 8.204308e-06
-6.871468e-06
 8.678415e-06
-2.069832e-05
 1.461214e-06
 9.372719e-07
 1.279224e-06
-3.090706e-06
 8.099364e-06
 1.784406e-05
 6.401489e-06
-3.374479e-06
-3.813300e-06
 4.579798e-06
 1.518799e-06
-9.617810e-06
-1.473870e-05
-9.794848e-07
-3.461289e-06
 6.361547e-06
 2.834142e-06
-1.118440e-06
 1.728244e-06
 9.210155e-06
 7.398902e-06
 1.664566e-05
-1.617158e-05
 6.615493e-06
-3.007820e-06
-8.244127e-06
-5.171419e-07
-7.281793e-06
-8.657056e-06
 1.559088e-05
 3.592659e-06
-3.406001e-06
 4.933267e-06
 4.820994e-06
-3.280301e-06
-1.427360e-06
-9.410380e-07
 1.140538e-05
 5.673485e-06
 1.048032e-05
 1.485143e-05
 8.133622e-06
-1.016897e-05
-5.548481e-06
-3.475313e-06
 2.801498e-06
-1.764849e-05
 1.120094e-05
-5.832012e-06
 5.827994e-06
 3.087822e-06
 1.760471e-06
-9.533222e-06
-7.660956e-06
 3.976788e-06
-2.229271e-05
-5.156256e-06
-9.679643e-07
 8.759373e-06
 7.633029e-07
-5.472210e-06
 1.071990e-05
 1.009935e-06
 1.030514e-05
 1.846349e-06
 3.732887e-06
-9.407238e-06
 4.235128e-06
 2.960425e-06
-1.201906e-05
 4.437586e-06
 5.289820e-06
 3.652059e-06
 1.116533e-05
 2.437635e-06
 9.520965e-07
 1.968306e-05
-1.482901e-06
 2.436240e-06
 1.231056e-05
-3.069636e-07
-1.132059e-05
 4.638273e-06
 4.210378e-06
 6.782808e-06
-5.778634e-06
 1.932844e-06
-1.976325e-06
-7.965776e-06
-2.050931e-06
 9.133910e-06
 9.739460e-06
-6.602110e-06
-1.391688e-05
 5.558250e-07
 5.107592e-06
 1.755952e-05
 6.337046e-06
-6.605059e-06
-4.753921e-06
 5.891862e-06
 1.542681e-07
 1.021322e-05
-1.573143e-05
-8.585462e-06
-8.610155e-07
-2.694758e-07
-7.905366e-06
-1.022794e-06
-1.233379e-05
-2.331988e-06
-2.613843e-06
 8.317775e-06
 5.770589e-06
-3.007480e-06
 1.577544e-06
 6.366736e-07
-3.455541e-06
 8.057289e-07
 8.866089e-06
-1.104880e-05
 8.091019e-06
 8.436255e-06
-1.550794e-07
-8.846649e-06
 4.533135e-06
-4.259188e-06
 5.121004e-06
 1.114125e-05
-3.235608e-06
 2.017236e-06
-7.029417e-06
-6.765007e-06
-1.129876e-07
 1.420774e-05
-2.129470e-05
 1.818993e-06
-9.104863e-06
 4.742183e-06
 4.950359e-06
 1.266891e-05
 1.175737e-05
-7.418866e-06
 1.434841e-06
-2.923248e-06
 3.229379e-06
-3.278297e-07
-8.895129e-06
-1.307403e-07
 2.349482e-06
 9.178506e-06
 1.581915e-05
-2.464754e-06
 2.010989e-05
 6.375724e-06
-1.421904e-06
-6.858012e-06
-1.155048e-05
-9.910761e-06
 5.409161e-06
 5.809518e-07
 4.151076e-06
