yp
 7.728666e-07
-6.258367e-07
-5.537195e-07
-1.282727e-06
-6.655224e-07
 8.555430e-08
-7.162691e-07
-9.522830e-07
 9.555884e-07
-8.199581e-07
 1.296284e-07
 1.322833e-07
-9.283336e-07
 2.163703e-07
-5.612046e-07
-7.261034e-07
-3.028885e-08
-2.907481e-07
 1.480054e-07
 1.530665e-08
-1.041032e-06
 3.037854e-07
 6.387561e-07
 1.258866e-07
 8.400036e-07
 9.121426e-07
 1.175152e-07
-3.565538e-07
 2.207279e-07
 8.445083e-08
-7.328744e-07
-1.506661e-06
 5.503620e-07
-7.765419e-07
 5.821826e-07
 6.389953e-07
-1.360134e-06
-9.110912e-07
-1.530055e-07
-1.452625e-07
-1.226195e-06
-1.622029e-07
 1.600558e-07
-9.304883e-07
-4.719785e-07
 9.718921e-07
-1.658698e-07
-1.210249e-06
-3.247304e-07
 4.396543e-07
-1.094768e-07
-1.615952e-07
 1.275491e-06
 6.777112e-07
 4.916456e-07
-1.343377e-06
-2.599704e-07
 5.402009e-07
-1.416053e-06
 1.530521e-07
 5.816817e-08
 7.667760e-07
-4.860927e-08
-6.104600e-07
 7.324454e-07
-2.626188e-08
-1.027014e-06
 7.097918e-07
-1.262524e-06
 3.950494e-07
 7.344918e-07
 2.967952e-07
 6.071027e-07
-2.122823e-07
 1.655378e-07
-4.723186e-07
 8.998730e-07
-4.463293e-07
-4.406649e-07
-3.498823e-07
 1.057284e-06
 1.133355e-06
 5.506216e-07
-3.438150e-07
-5.082712e-07
-4.173879e-09
 1.187214e-08
 1.516158e-06
-6.235257e-07
-9.318660e-07
-1.505631e-07
 6.018610e-07
 7.165567e-07
 2.992962e-07
 9.932907e-07
-4.313171e-07
 1.333776e-08
 8.792267e-07
 1.421288e-06
-1.270846e-08
 9.478396e-07
-2.455454e-07
-3.611772e-07
-9.972101e-10
-9.015589e-07
-9.389762e-07
-4.265524e-07
-1.076071e-06
 5.419983e-07
 6.548256e-07
 5.476648e-07
-2.510557e-07
-2.908048e-07
-2.640692e-07
 6.760081e-07
 9.544701e-07
-9.603199e-07
-8.686699e-07
-3.774417e-07
-5.012403e-07
 5.232553e-07
-1.422945e-07
-6.975472e-07
-5.921572e-07
-1.300046e-06
 1.384898e-06
 9.235521e-07
-1.819381e-07
 5.885902e-07
-3.526801e-07
 6.272966e-07
 4.017273e-07
-1.431735e-07
 6.699793e-07
 7.668213e-07
 8.559603e-08
-6.953905e-10
 1.527836e-06
 6.920948e-07
 2.664706e-07
 1.464059e-07
-6.973807e-07
 4.009490e-07
 2.505226e-07
 9.535151e-07
 1.263001e-07
-7.537906e-07
 4.151067e-07
 9.376089e-07
 6.060412e-07
-4.210155e-08
-1.096102e-08
-4.617513e-08
-7.903988e-07
-1.057142e-06
-5.767559e-07
 5.614477e-08
-1.661995e-07
-1.056042e-07
-9.214530e-07
 1.365027e-07
 1.550508e-06
-1.767747e-07
-2.383164e-06
-1.581618e-06
 4.492416e-07
-1.196960e-07
 3.256190e-07
-8.443789e-07
 7.216881e-07
 1.090287e-07
 1.471989e-07
 9.747333e-07
 4.281557e-07
 7.231995e-07
-5.787846e-07
 2.045522e-07
 4.946499e-07
-7.126658e-08
 1.977536e-07
-5.508598e-07
 4.371894e-07
 3.982935e-07
-9.467455e-07
 1.023569e-06
 2.668725e-07
 6.373404e-07
-1.268888e-06
 3.796495e-07
 4.022753e-07
-8.340607e-07
 8.234738e-07
 1.084282e-07
 8.757649e-07
 8.726147e-07
-1.126887e-06
-8.594040e-07
 9.812395e-07
 6.474899e-08
 3.155294e-07
-1.252992e-06
 7.947767e-08
 3.239540e-07
-8.770377e-08
-9.703555e-07
-3.260585e-07
 1.791366e-06
-1.739507e-07
-3.622141e-07
 5.516929e-07
 1.034765e-07
-1.371325e-07
-9.826607e-08
 8.642338e-08
-6.615701e-08
-1.615445e-06
-3.979077e-07
 2.852359e-07
 5.768346e-07
 6.303995e-07
-4.555932e-07
-5.397831e-07
 1.081344e-07
-1.959470e-07
 3.113421e-07
 6.020632e-07
-3.684702e-07
 1.449085e-06
-6.088292e-07
 1.240351e-06
 2.968285e-07
-1.395325e-07
 1.270619e-06
-7.251955e-08
-4.702524e-07
 3.884118e-08
-3.446058e-07
-6.819477e-07
-1.600812e-06
-9.336595e-07
 3.343726e-07
-2.118109e-07
-4.786894e-07
 3.782506e-07
 3.083140e-07
-6.672660e-07
 1.727657e-06
-1.375820e-06
-3.052198e-08
 7.619773e-07
 2.261519e-07
-6.564526e-07
 4.162698e-07
 2.036098e-07
 6.515950e-07
 8.136684e-07
 1.268224e-06
 1.075612e-06
-3.473913e-07
-1.453240e-06
-6.129697e-07
 6.489999e-08
-4.389075e-07
 2.922930e-07
-2.461960e-07
-1.984930e-07
 1.387626e-06
 1.257171e-07
-2.426929e-08
 5.991585e-07
 4.532863e-07
 1.987983e-06
-1.176161e-06
-5.908893e-08
-1.050973e-06
-4.023595e-07
 1.325526e-06
-9.356968e-07
 7.217815e-08
 8.833474e-08
 6.229556e-07
 5.392929e-08
-2.961956e-07
 1.069711e-06
 2.267883e-07
 2.888036e-07
-6.746660e-08
-7.510763e-07
 1.337830e-07
 1.778347e-06
-1.721879e-07
 3.836409e-07
 7.861191e-07
 7.496415e-07
 4.811539e-07
-2.152085e-07
-4.637410e-07
-7.281677e-07
-3.195526e-07
-7.140971e-07
-3.012614e-07
 4.884728e-08
 3.978326e-07
-3.546993e-07
 1.331196e-06
 3.414918e-07
-7.729920e-07
 8.885652e-07
 3.623473e-09
 1.081250e-07
-1.709418e-06
-1.447789e-07
 3.047907e-08
 1.936451e-06
 4.027390e-07
-3.841748e-07
 7.377793e-07
 4.921974e-07
 4.624679e-07
-7.031672e-08
 5.400207e-08
-7.763540e-07
-8.439305e-08
 7.087158e-07
 4.184617e-07
 1.246909e-06
 1.505471e-06
-9.522445e-07
 1.424325e-06
 4.095563e-07
-2.308529e-07
 1.295547e-07
 1.308972e-07
 1.429679e-06
-4.327246e-07
 3.472815e-07
-3.148469e-07
-3.408918e-07
 3.431813e-07
-1.104587e-06
-3.195907e-08
-1.615977e-07
 7.066042e-07
-3.782639e-07
-1.001058e-06
 1.289136e-06
 6.406933e-07
-1.048265e-06
 7.893472e-07
 9.600184e-07
-9.725818e-07
 7.350263e-07
 5.804194e-07
-1.192256e-06
 1.508819e-06
 2.780944e-07
 6.905555e-07
-1.172973e-07
 2.500485e-07
 2.193391e-07
 1.145397e-07
-1.045680e-07
 6.699822e-07
-1.783882e-07
 5.787429e-07
 1.067855e-06
 5.658584e-07
-2.394808e-07
 9.940955e-07
 8.785827e-07
-2.868675e-08
 1.958701e-07
 5.891918e-07
 7.805207e-07
 4.271625e-08
 1.131188e-07
 1.132893e-06
 2.638254e-08
 5.711409e-07
-1.310365e-06
-1.116276e-06
-2.869126e-07
-7.781149e-07
-4.288031e-07
-6.790455e-07
 3.567739e-07
-5.613541e-07
 9.491012e-07
 1.350705e-07
 3.343494e-07
-6.178134e-07
 9.494889e-07
-4.946566e-07
 5.693957e-07
 6.205741e-07
 1.360757e-06
 9.200540e-07
 1.341086e-06
 1.046525e-06
-1.694879e-07
 3.008252e-07
-1.384167e-06
 8.189686e-07
-1.433809e-06
 3.864062e-07
 9.927677e-08
-3.247895e-07
-5.457828e-07
-4.211722e-07
 2.622147e-07
-9.529305e-08
-1.459407e-07
-1.406598e-07
-2.386294e-07
 7.118361e-07
 8.953641e-07
-3.135448e-07
-5.124622e-07
 2.200097e-07
-1.079731e-06
 2.605202e-07
 1.162558e-07
 8.495861e-07
 9.215058e-07
-7.413574e-07
-1.253775e-06
-9.504794e-07
 3.707203e-07
-1.225488e-06
 4.764823e-07
-5.722702e-07
-2.991519e-08
-5.338465e-07
 2.690323e-07
 1.078966e-06
 3.195245e-07
 5.167048e-07
 4.730588e-07
-7.053259e-07
-1.651633e-07
 8.051483e-07
 7.371909e-07
-7.077807e-08
-3.498973e-07
-1.889689e-07
-2.908087e-07
-1.696832e-06
-5.825440e-07
-1.020009e-06
 5.109415e-07
-4.692636e-07
 2.947341e-07
-8.626965e-08
-4.320722e-07
 1.720625e-06
-2.242070e-08
 6.112719e-07
-1.741596e-06
-9.653875e-07
 2.988212e-07
-1.791990e-06
 1.317070e-06
 6.952692e-07
 2.521669e-07
-5.379888e-07
-7.029413e-07
-7.716005e-07
-5.921752e-07
-9.086049e-07
-1.712348e-07
-7.868707e-07
 2.007306e-07
 1.427934e-06
-3.324390e-07
 8.774973e-07
-1.229534e-06
-8.778662e-09
-1.208138e-06
-2.539463e-07
 8.851796e-07
-2.515892e-07
-1.253444e-06
-2.522965e-07
 4.122793e-07
-3.513417e-07
-1.617897e-07
-3.307942e-07
 7.902765e-07
-6.142567e-07
-4.583865e-08
-9.883934e-07
-8.784365e-07
-1.067561e-06
-3.047065e-07
 6.560835e-07
-1.639525e-07
 1.505918e-06
-1.178907e-07
 1.199858e-07
 6.680552e-07
 2.537490e-07
 5.194362e-07
 3.457872e-07
-1.993399e-07
-1.404420e-06
-6.562145e-07
-1.078996e-07
 9.537685e-07
-3.639202e-07
-4.843849e-07
-1.567562e-07
-2.666524e-07
-7.373566e-07
 1.188482e-06
 5.358667e-07
-3.798810e-07
 1.204672e-07
-1.243373e-07
 2.641028e-07
-8.145476e-07
-3.862126e-07
 2.793437e-07
 2.151777e-07
-9.386174e-07
-1.941312e-07
-8.429428e-07
-1.146156e-06
-7.101082e-07
-2.529567e-07
-5.461945e-07
 1.603661e-06
 9.936021e-08
 1.695353e-07
 1.382777e-06
-7.667198e-08
-6.888230e-07
 7.329827e-07
-1.993807e-08
-1.762657e-07
-1.591800e-07
 1.762301e-08
-9.699852e-07
-3.881851e-07
-3.968904e-07
-1.691486e-06
-4.278398e-07
-4.305820e-07
-1.053451e-06
 9.007919e-07
 9.487825e-07
-2.005590e-07
-6.403408e-09
-4.928864e-07
-8.713969e-07
-1.185709e-06
-2.014547e-07
-8.341114e-07
 4.371657e-07
 1.401481e-06
-1.320741e-07
-8.076861e-07
-7.812238e-08
 2.942235e-07
-8.639179e-07
 7.317639e-07
-1.190729e-07
 7.734836e-08
-1.751863e-06
-7.029827e-08
 4.144728e-07
-7.256918e-07
 5.958424e-07
-9.947155e-07
-7.563648e-07
 7.589872e-07
-1.006977e-06
-6.577913e-07
 4.090057e-07
 3.148590e-07
-2.238622e-07
 1.660757e-06
 1.214827e-06
 1.197674e-06
 6.369235e-08
 8.708488e-07
 1.533392e-07
 1.866876e-06
-4.648072e-07
 7.565829e-07
 6.319837e-07
 2.015129e-07
-5.332590e-07
 1.303989e-08
-5.772353e-07
-7.286923e-07
 6.150611e-07
-1.018120e-06
-5.201587e-07
 2.697080e-07
 3.347270e-08
-6.845787e-08
 3.606069e-07
-7.605969e-07
-8.834992e-08
-3.971592e-07
-7.990671e-07
-2.304632e-07
 3.086041e-07
-6.165698e-07
-7.869113e-07
 9.216879e-07
-2.532085e-07
-5.121479e-07
 7.214872e-07
-1.247568e-06
-8.407040e-07
-1.503694e-07
-7.206127e-07
-6.473370e-07
-5.763803e-07
-4.740925e-07
-7.767118e-07
-5.923628e-07
 1.137967e-06
-8.074633e-08
-4.158363e-08
 2.641765e-07
 1.278788e-07
-2.083688e-07
-7.031152e-07
 6.735925e-07
-1.301759e-07
 3.583187e-07
-8.507693e-07
-3.752029e-07
 1.657277e-08
 4.481365e-07
-1.202774e-06
-5.246395e-07
 7.753694e-07
 5.217502e-08
-2.547598e-07
-1.893534e-07
-2.876864e-07
-9.108295e-07
-4.613591e-07
 6.145897e-07
 1.105554e-06
-5.152110e-08
-6.548603e-07
-9.489320e-08
-2.161917e-08
 6.959148e-07
 6.522878e-07
-3.431535e-07
-1.362444e-06
 3.203383e-07
 6.267259e-07
 1.461236e-06
-7.142523e-07
-1.178803e-06
 2.171915e-07
 4.972170e-07
 2.314235e-07
 7.215746e-07
 6.431789e-07
 8.850999e-07
-5.733233e-07
 5.617041e-07
 5.769890e-07
 5.759720e-07
 7.546903e-07
-4.160450e-07
 1.061798e-07
-1.176839e-06
 2.546535e-07
-9.868347e-07
-4.734527e-08
 5.405533e-07
-5.908836e-07
 4.033753e-07
 8.084709e-07
 2.263169e-07
 1.010309e-06
-1.168337e-06
-1.575604e-08
-4.037427e-07
 1.681957e-07
 1.932267e-07
 3.426572e-07
 7.303057e-07
-3.606010e-07
-4.000821e-07
-8.333713e-07
 4.851915e-07
 1.104965e-06
-1.851473e-06
 6.869676e-07
-6.401245e-07
-6.837299e-07
 6.179096e-08
 4.193407e-07
-1.051788e-06
-3.197495e-08
 1.084695e-07
 1.297192e-06
-5.247115e-07
 2.119477e-08
-8.293044e-07
-5.305955e-07
 7.392255e-08
 5.912972e-07
-1.146527e-07
 1.009008e-06
-1.360968e-06
-2.735248e-07
 7.787225e-08
 1.458014e-07
-6.377539e-08
-6.936050e-07
-1.214182e-06
 4.858780e-07
-1.697865e-06
 1.254519e-06
 4.543824e-07
 1.001726e-07
-1.108522e-07
-1.269300e-06
-1.989924e-06
 6.191856e-07
-1.240004e-06
 2.307707e-07
-1.315859e-07
-1.349171e-07
-4.635387e-07
 3.528391e-07
 2.696382e-08
-6.822731e-07
 4.412296e-07
-2.167604e-07
 1.771720e-06
 2.106502e-07
 2.884333e-08
 4.025809e-07
 6.749359e-07
 2.580255e-08
 1.644301e-07
-2.446185e-07
-8.129148e-07
 1.464272e-07
-9.162752e-08
 4.305914e-07
-1.197613e-06
 2.774031e-07
 7.701381e-07
 7.121843e-07
 7.154302e-07
-1.102727e-06
 3.887850e-07
 6.945429e-07
-2.217151e-07
 6.150474e-07
 2.752437e-08
-1.321899e-06
-7.833682e-08
 1.521599e-07
-6.501856e-07
-1.000593e-07
 5.499618e-07
 1.891813e-06
 8.641031e-07
-3.333862e-07
 2.537605e-07
 1.575220e-06
-4.283379e-07
-2.253252e-07
 1.280731e-07
-2.915844e-07
 5.367693e-07
 7.931074e-07
-3.150844e-07
-8.998846e-07
 4.928329e-07
 4.860085e-07
-1.252800e-07
-5.579882e-07
 8.017995e-07
 4.166724e-08
 1.460340e-06
 2.295911e-07
 6.911079e-08
 5.558441e-08
-3.857956e-07
-1.048150e-06
-1.574564e-06
-9.658166e-07
 7.836630e-07
 1.121965e-06
-5.880432e-07
 6.977536e-08
 4.168672e-07
-8.658852e-07
 1.554566e-06
-5.806656e-07
 1.753354e-07
 2.588707e-07
 6.291044e-07
 3.156607e-08
 5.241561e-07
 4.009203e-07
-7.943246e-07
 5.491300e-07
-2.231248e-09
-5.665083e-07
 1.002444e-06
 1.329447e-06
 7.199451e-07
-2.755922e-07
-5.453618e-07
 4.178148e-07
 4.215344e-07
 1.459955e-06
 5.622369e-07
-6.124155e-07
-2.316475e-07
-8.284996e-07
 9.642891e-07
-9.143589e-07
 9.247213e-07
-4.438395e-07
 1.050623e-07
-4.111714e-07
-6.724999e-07
-5.692019e-07
-2.909935e-07
-8.759342e-07
 5.081252e-07
-4.592966e-07
-1.956575e-07
-6.676760e-07
-6.094851e-08
-8.348039e-07
 2.452555e-07
 1.463896e-07
-9.037580e-07
-7.281029e-07
-2.997930e-07
 5.713072e-07
-8.010722e-07
 3.071758e-07
 3.306379e-07
-6.728704e-07
 1.058901e-06
-1.424918e-06
 1.111675e-06
-6.410737e-07
-1.022590e-06
-5.225219e-07
 6.679502e-07
 1.090965e-06
 2.997358e-08
-1.771033e-06
 8.341421e-07
 1.461201e-06
-1.675025e-07
 8.069152e-07
-1.852617e-07
-2.266945e-07
 4.816513e-07
 4.818866e-07
-7.371046e-07
-1.783839e-06
-4.344660e-07
 1.084330e-06
 9.154900e-07
 1.213278e-06
 4.245323e-07
-2.869052e-07
-4.409132e-07
-1.625867e-06
-1.061805e-06
 5.133076e-07
-2.942047e-07
-2.984675e-07
-4.047925e-07
-5.126689e-07
 6.425662e-07
-1.892974e-06
-6.109826e-07
-1.356949e-07
 1.957511e-07
 1.768307e-07
-3.369310e-08
 1.091184e-06
-8.633344e-07
 5.159783e-07
 1.449728e-06
 9.927459e-07
 5.832355e-07
-4.869170e-07
 7.024560e-07
 6.887937e-07
 5.068152e-08
-1.207669e-06
 5.099016e-07
 4.702980e-07
-1.454211e-07
 1.899434e-07
 8.043935e-07
-3.035102e-07
 4.450956e-07
-2.827231e-07
 8.150196e-07
 3.886752e-07
 2.144747e-07
 5.979063e-07
 2.371140e-07
 1.343522e-06
-5.646263e-07
-4.156549e-07
 1.619992e-07
-7.130495e-07
 6.951100e-08
-9.290603e-07
 1.222067e-06
 1.944140e-07
-8.211766e-07
-3.576153e-07
-7.682348e-07
-3.882676e-07
 1.553302e-06
-1.963304e-09
 1.552496e-06
 4.311405e-07
 5.518046e-07
-7.720723e-07
 3.111402e-07
-4.260426e-07
-4.732709e-07
 5.546651e-07
 8.692858e-07
-2.866088e-08
-1.062528e-06
-9.155007e-07
-6.285417e-07
 1.898196e-06
 9.082626e-08
-2.547047e-07
 4.330239e-08
 1.326521e-07
-7.100572e-07
 1.487454e-06
-7.200986e-07
-3.426191e-08
-1.020493e-06
 1.642841e-07
 2.065481e-07
-6.687078e-07
 2.775227e-07
-3.910252e-07
 4.284208e-07
-4.832286e-07
-4.905397e-07
 3.526314e-07
 2.341029e-07
 9.352346e-07
 1.612033e-07
-1.382682e-06
 7.539206e-07
 6.122066e-07
-1.055520e-06
-6.553389e-07
 1.253285e-06
-2.833430e-07
-6.110615e-07
 4.313100e-07
-2.916727e-07
 6.367542e-07
-1.447263e-07
 4.887792e-07
-7.257919e-07
 3.571116e-08
-6.785287e-07
 5.233869e-09
-9.138452e-08
-8.748095e-07
-5.189901e-08
-6.655818e-07
-3.467713e-07
-4.798669e-07
-3.295116e-07
 6.986267e-07
-1.591448e-06
 3.902974e-07
 1.303646e-06
 1.047511e-07
-8.401887e-07
 7.760297e-07
 1.194589e-06
-3.805387e-07
